< 4(1070) 5(1005) 4733(841) >
< 10(375) 4756(307) 4757(194) >
< 77(349) 78(178) 4965(370) >
< 89(233) 5033(185) 5034(171) >
< 111(2109) 112(2129) 17415(2098) >
< 152(664) 153(544) 5257(396) >
< 166(130) 2369(134) 2370(134) 2376(146) 14973(126) >
< 194(893) 195(829) 196(803) >
< 202(751) 5406(574) 5408(1140) >
< 280(231) 5685(215) 5689(154) >
< 351(566) 5942(568) 5943(529) 5944(309) >
< 353(1196) 5956(861) 5957(1081) >
< 417(354) 418(394) 4408(354) >
< 481(337) 6446(318) 6447(290) >
< 483(634) 484(647) 485(519) >
< 529(677) 530(664) 6678(297) >
< 555(745) 3498(766) 3499(751) >
< 559(362) 4056(361) 6838(213) >
< 564(2146) 565(2144) 566(2138) >
< 638(1437) 639(1342) 640(1488) >
< 681(509) 7312(257) 7313(256) 7314(466) >
< 737(778) 3529(715) 4072(835) >
< 775(706) 3110(744) 7676(269) >
< 904(367) 905(520) 4439(450) >
< 911(471) 8154(430) 8155(241) >
< 939(394) 940(306) 8283(307) >
< 969(445) 4289(765) 8433(414) >
< 987(676) 988(642) 8524(660) >
< 1000(190) 8599(69) 8600(122) >
< 1062(1234) 4466(1100) 9413(1279) >
< 1077(295) 1078(295) 9040(295) >
< 1200(73) 4484(73) 10213(73) >
< 1203(1235) 1204(1179) 3616(1259) >
< 1205(1219) 17543(921) 17544(1087) >
< 1237(177) 10196(100) 17569(87) >
< 1281(1020) 1282(1015) 10047(1032) 10049(655) >
< 1305(289) 1306(279) 10242(266) 10243(154) >
< 1339(511) 1340(625) 1341(673) 3198(677) 3199(683) 3651(537) 3652(580) 10372(313) >
< 1391(698) 10630(441) 10631(898) >
< 1432(524) 10804(508) 10805(195) >
< 1511(2003) 1512(1995) 11116(1002) >
< 1536(629) 11226(392) 11227(572) >
< 1658(431) 11991(236) 11992(246) 11993(436) >
< 1670(170) 12050(125) 12051(113) >
< 1671(899) 12052(664) 12054(667) >
< 1732(426) 3703(374) 12297(205) 12298(190) >
< 1836(540) 1837(507) 12631(485) >
< 1909(679) 12920(395) 12921(390) >
< 1942(72) 13087(82) 13088(97) 13089(59) >
< 1968(343) 13181(183) 13182(225) >
< 1994(204) 1995(152) 13307(130) >
< 2010(1133) 3301(908) 13352(711) >
< 2032(3297) 3304(3289) 13418(3233) >
< 2044(1201) 13486(1158) 13487(1137) >
< 2080(1552) 2081(1493) 2082(1454) >
< 2092(1042) 2093(1060) 2094(1023) >
< 2160(607) 2161(608) 14169(215) >
< 2164(147) 2540(173) 14707(104) >
< 2233(358) 2234(452) 14451(97) >
< 2250(289) 14503(294) 14905(294) >
< 2288(449) 2289(462) 14654(446) >
< 2290(170) 2291(192) 14661(150) >
< 2367(133) 7006(129) 17606(169) >
< 2380(442) 14987(200) 15451(235) >
< 2386(800) 4646(870) 15474(782) 15527(729) >
< 2387(362) 3883(362) 3900(362) >
< 2388(1135) 3842(1150) 3843(1172) >
< 2428(547) 15087(314) 15088(378) >
< 2442(946) 2443(893) 3802(931) >
< 2474(639) 2475(616) 3804(585) >
< 2598(347) 16035(258) 16036(288) >
< 2615(365) 2616(715) 17611(589) >
< 2662(1130) 2663(1535) 3971(1053) >
< 2729(291) 2730(392) 2731(306) 2732(310) >
< 2754(638) 2755(685) 3381(690) >
< 2889(269) 3998(352) 17033(159) >
< 2990(490) 17279(483) 17280(487) >
< 3027(313) 3030(313) 4703(313) >
< 3037(444) 17401(609) 17402(651) >
< 3115(216) 3116(226) 4076(205) >
< 3180(1104) 9848(1041) 10197(1105) 10198(1041) >
< 3281(350) 3282(348) 3717(420) 3718(393) 12959(211) >
< 3347(710) 3868(668) 3927(669) >
< 3352(1406) 15149(789) 15150(1337) >
< 3398(742) 3399(767) 3400(769) >
< 3452(1675) 5886(1677) 5887(1676) 5889(1190) 5891(1790) >
< 3453(1915) 5892(1888) 5893(1957) 5894(1886) >
< 3551(229) 8118(370) 8120(161) >
< 3594(972) 9217(995) 9218(1045) >
< 3694(371) 11899(159) 11900(143) >
< 3739(1070) 13529(591) 13530(690) >
< 3806(403) 3807(411) 4639(476) >
< 3814(251) 3826(239) 3938(316) >
< 3815(844) 3816(899) 3827(961) >
< 3817(229) 3818(224) 3854(215) 3895(229) 15338(154) 15566(198) 15567(165) >
< 3820(518) 3832(488) 15458(260) >
< 3821(293) 15430(258) 15595(202) 15685(258) >
< 3822(300) 15037(283) 15686(287) >
< 3824(290) 15359(279) 15360(217) >
< 3830(440) 15340(263) 15454(282) >
< 3835(876) 3882(894) 15385(913) >
< 3838(428) 3839(461) 15345(325) 15346(177) >
< 3865(539) 15410(204) 15411(311) >
< 3870(509) 3946(396) 15647(309) >
< 3871(261) 15036(314) 15356(314) >
< 3872(261) 3911(261) 15365(286) 15509(128) >
< 3889(233) 3931(455) 3948(455) 15435(482) 15555(482) >
< 3891(401) 4212(783) 15046(552) >
< 3894(302) 3915(254) 3939(302) >
< 3897(250) 15002(302) 15003(173) 15004(122) 15344(139) 15468(162) 15469(209) >
< 3909(297) 15361(226) 15438(217) >
< 3929(495) 15501(313) 15593(424) 15594(464) 15646(424) >
< 3947(563) 15650(562) 15651(547) >
< 4207(260) 15601(209) 15694(108) >
< 4267(561) 4268(189) 6173(278) >
< 4328(530) 13950(530) 13951(558) >
< 4346(258) 15581(228) 15680(155) >
< 4366(752) 4367(526) 4736(750) >
< 4402(795) 6742(995) 6743(796) >
< 4473(549) 4476(549) 9732(549) 9733(549) 10210(549) >
< 4498(352) 4524(313) 11182(242) >
< 4499(597) 4506(614) 4535(472) >
< 4503(293) 11174(267) 11175(272) 11282(268) >
< 4504(517) 4522(399) 11180(285) 11181(155) 11271(191) >
< 4511(1070) 4512(1048) 11299(887) >
< 4518(499) 11178(276) 11333(284) 11334(300) >
< 4521(308) 4545(312) 4546(297) 11331(289) >
< 4528(642) 4547(492) 11184(654) 11286(434) 11287(649) 11301(648) 11337(648) >
< 4537(455) 4538(438) 4541(455) 4542(438) >
< 4666(111) 16186(148) 16246(134) >
< 4677(654) 16727(631) 17640(300) >
< 4727(188) 4728(342) 4729(298) >
< 4869(331) 4870(233) 4871(244) >
< 5243(231) 5244(187) 5245(373) >
< 5766(352) 5767(367) 5769(382) >
< 6142(227) 6143(178) 6144(165) >
< 7225(178) 7226(154) 7227(125) >
< 7690(302) 7693(188) 7694(149) >
< 8385(124) 11481(124) 12092(124) 12592(124) 16613(124) >
< 8554(472) 8555(420) 8556(193) 8557(294) >
< 8843(238) 8844(336) 8845(285) >
< 9440(330) 9441(210) 9442(171) >
< 9614(301) 9615(189) 9616(177) >
< 9776(293) 9777(124) 9778(118) >
< 10087(152) 10088(108) 10089(218) >
< 10469(235) 10470(236) 10471(169) >
< 10475(177) 10476(304) 10477(175) >
< 10872(205) 10873(123) 10874(146) >
< 11070(173) 11071(155) 11072(80) >
< 11616(101) 11617(97) 11619(82) >
< 11835(129) 11836(103) 11837(97) >
< 12607(455) 12608(456) 12609(274) >
< 13764(122) 13765(174) 13836(135) >
< 13796(111) 13849(147) 13851(125) 13853(97) >
< 13825(113) 13827(90) 13828(65) >
< 15017(209) 15402(275) 15403(304) 15484(243) 15540(261) >
< 15027(435) 15637(333) 15638(303) >
< 15030(281) 15031(210) 15424(212) 15642(200) >
< 15035(258) 15499(340) 15500(340) >
< 15358(74) 15691(74) 15692(62) >
< 15382(252) 15466(235) 15524(210) 15669(185) >
< 15416(508) 15489(851) 15628(242) 15682(492) 15683(491) >
< 15588(196) 15589(240) 15644(196) >
< 16390(207) 16392(163) 16393(105) >
< 16674(106) 16675(92) 17641(146) >
< 17555(95) 17556(91) 17557(84) >
